Precision: 0.7322545647472828
Recall: 0.39989443153432047
F1 Score: 0.5082340949243375
