Precision: 0.6457860398137535
Recall: 0.35847018571919603
F1 Score: 0.4543723816600924
