Precision: 0.6896241398386159
Recall: 0.3817760578469281
F1 Score: 0.4844506875838426
