Precision: 0.71448143881632
Recall: 0.3850737533776491
F1 Score: 0.49153289909385156
