Precision: 0.5903297161143859
Recall: 0.3659211107551406
F1 Score: 0.44556416303823254
