Precision: 0.74246487911953
Recall: 0.416080404713368
F1 Score: 0.5225143496036634
