Precision: 0.767918000254619
Recall: 0.42963650903661116
F1 Score: 0.5394423757497455
