Precision: 0.6609028993507334
Recall: 0.3560051014059379
F1 Score: 0.4569319791182463
