Precision: 0.8287241664997653
Recall: 0.4306541767193587
F1 Score: 0.5495411835896564
