Precision: 0.7885442252698903
Recall: 0.4333367834438525
F1 Score: 0.5465104874539769
