Precision: 0.7111012257098691
Recall: 0.38891569171904683
F1 Score: 0.4929183840719454
