Precision: 0.7627031992613408
Recall: 0.41435266395906617
F1 Score: 0.5261978931368744
