Precision: 0.7995409842750908
Recall: 0.44042049107930736
F1 Score: 0.5531068583371698
