Precision:  0.581591796875
Recall:  0.5591805845481518
F1 Score:  0.5590984492288954
