Precision:  0.6907610626577643
Recall:  0.6155655723540379
F1 Score:  0.6356467766073375
