Precision:  0.5799451537583588
Recall:  0.7104216183724646
F1 Score:  0.6240291988286698
