Precision:  0.5965352444803942
Recall:  0.7282185011229608
F1 Score:  0.6405983094365534
