Precision:  0.6544071616879777
Recall:  0.673037272996583
F1 Score:  0.6529518549037276
