Precision:  0.6162440923996912
Recall:  0.6449009917190257
F1 Score:  0.6193777262181757
