Precision:  0.6050654873856368
Recall:  0.6670043658257091
F1 Score:  0.6204913944389228
