Precision:  0.750630179914848
Recall:  0.6143921400784464
F1 Score:  0.6645841366392159
