Precision:  0.6086108010912697
Recall:  0.6655698710087816
F1 Score:  0.6227409912958761