Precision:  0.7250814017374893
Recall:  0.623671507569077
F1 Score:  0.6583323439955662
