Precision:  0.5950768092423907
Recall:  0.729813718263154
F1 Score:  0.6408439849487054
