Precision:  0.5774365837191359
Recall:  0.5629142783656673
F1 Score:  0.5579288654404146
