Precision:  0.6025467484085647
Recall:  0.586039569726907
F1 Score:  0.584871253164896
