Precision:  0.5904055461401382
Recall:  0.6513713354506543
F1 Score:  0.6052034233608863