Precision:  0.7571489827887056
Recall:  0.6543621821745831
F1 Score:  0.8020984673380124
