Precision:  0.8063049419680626
Recall:  0.7199510562076987
F1 Score:  0.800904895554991
