Precision:  0.9773823250449449
Recall:  0.979509868073181
F1 Score:  0.9849610296373692
