Precision:  0.9803317385409112
Recall:  0.9845176673540611
F1 Score:  0.9895159093560203
