Precision:  0.9475531279871776
Recall:  0.9451134719830192
F1 Score:  0.9751461018624482
