Precision:  0.8307275473244501
Recall:  0.7368483481293054
F1 Score:  0.8106883842905608
