Precision:  0.979343302438361
Recall:  0.9765517264170894
F1 Score:  0.9768815089544197
