Precision:  0.8139393308481389
Recall:  0.7323797827248759
F1 Score:  0.8051557932755092
