Precision:  0.9093997348579024
Recall:  0.8732033445318167
F1 Score:  0.9326663024182786
