Precision:  0.8324207655381313
Recall:  0.7655440671172498
F1 Score:  0.8223037935578623
