Precision:  0.9773823592730237
Recall:  0.9772753851170333
F1 Score:  0.9762414216971078
