Precision:  0.8969062670133143
Recall:  0.8648633379033721
F1 Score:  0.9254260954685791
