Precision:  0.7934096076565142
Recall:  0.7042873973629743
F1 Score:  0.7364618065547376
