Precision:  0.9712024607392132
Recall:  0.9658609612944163
F1 Score:  0.9844818969174414
