Precision:  0.7533940917142553
Recall:  0.6439318006707763
F1 Score:  0.783398918013581
