Precision:  0.9637587401300183
Recall:  0.9550714792447224
F1 Score:  0.956968838061818
