Precision:  0.95275794761911
Recall:  0.9536104800554953
F1 Score:  0.9504036589465898
