Precision:  0.9813160129811759
Recall:  0.9770838290503383
F1 Score:  0.9871159635669264
