Precision:  0.7973451875793147
Recall:  0.8654680022935174
F1 Score:  0.8807479910813053
