Precision:  0.9687817825416968
Recall:  0.9641337368941862
F1 Score:  0.9647993966340652
