Precision:  0.9415806211009555
Recall:  0.9211671586067803
F1 Score:  0.9250272692278729
