Precision:  0.9498425189336711
Recall:  0.9450707789460963
F1 Score:  0.9721277862422988
