Precision:  0.7934096076565142
Recall:  0.7042873973629743
F1 Score:  0.8088002762938001
