Precision:  0.8308062506609558
Recall:  0.7553863677351496
F1 Score:  0.8188342574524823
