Precision:  0.9302556410064046
Recall:  0.8872290001687011
F1 Score:  0.8980528765201973
