Precision:  0.8447425080636632
Recall:  0.7684830552124878
F1 Score:  0.7966162737670157
