Precision:  0.8455347464572759
Recall:  0.7492882825719124
F1 Score:  0.7842036169698549
