Precision:  0.768783956614848
Recall:  0.6969015350231148
F1 Score:  0.7224283383134432
