Precision:  0.8296741156408629
Recall:  0.722421753210004
F1 Score:  0.7593567139175402
