Precision:  0.794136824502961
Recall:  0.7149726859930201
F1 Score:  0.7431897078620513
