Precision:  0.8344187883354486
Recall:  0.7675199195616538
F1 Score:  0.7917677303816072
