Precision:  0.7981035519775803
Recall:  0.6861731626839345
F1 Score:  0.7254394274788811
