Precision:  0.7952547489689086
Recall:  0.711181422273462
F1 Score:  0.7414158299111681
