Precision:  0.8238947163176819
Recall:  0.7452435504857081
F1 Score:  0.773247854245422
