Precision:  0.6964005162066412
Recall:  0.6214757566057832
F1 Score:  0.6483317927743586
