Precision:  0.9185154160482927
Recall:  0.8937152219112584
F1 Score:  0.8996895629597423
