Precision:  0.6788360234242807
Recall:  0.5781831511455312
F1 Score:  0.6137059473505418
