Precision:  0.9161086943432019
Recall:  0.887220089852248
F1 Score:  0.893093614674994
