Precision:  0.8355327140175549
Recall:  0.7632801145720028
F1 Score:  0.7895933043158746
