Precision:  0.9618250768791098
Recall:  0.9588482353733581
F1 Score:  0.9584198527598592
