Precision:  0.704300675497039
Recall:  0.608167239809947
F1 Score:  0.6417676348788259
