Precision:  0.8128356004124366
Recall:  0.7350251446549432
F1 Score:  0.7626784273537826
