Precision:  0.9659378326442366
Recall:  0.9627059090411226
F1 Score:  0.9623038686084612
