Precision:  0.9446192028691651
Recall:  0.9218864927659939
F1 Score:  0.9269459064720244
