Precision:  0.9026762013924561
Recall:  0.8649134147631136
F1 Score:  0.8718134767370579
