Precision:  0.7315159521732235
Recall:  0.623879663044628
F1 Score:  0.6621371804114593
