Precision:  0.7290351364213198
Recall:  0.6203529823751363
F1 Score:  0.6589796651886785
