Precision:  0.9734488710184696
Recall:  0.9705020291349409
F1 Score:  0.9704911917156835
