Precision:  0.7519808025327834
Recall:  0.6603241678406502
F1 Score:  0.69334179957336
