Precision:  0.8111110835712775
Recall:  0.7178269820182196
F1 Score:  0.7510518775304401
