Precision:  0.8192367610511846
Recall:  0.737082980430037
F1 Score:  0.7671245487803164
