Precision:  0.8218950765387056
Recall:  0.759858885892555
F1 Score:  0.7827490284979316
