Precision:  0.9413047876102126
Recall:  0.9402684000710056
F1 Score:  0.9383445299655033
