Precision:  0.8097340643506767
Recall:  0.7119549721359832
F1 Score:  0.7465789822931193
