Precision:  0.7884682179304145
Recall:  0.7020002905059022
F1 Score:  0.7328083958106284
