Precision:  0.9665095228023527
Recall:  0.9542321375065467
F1 Score:  0.9577865883191079
