Precision:  0.8039333491962776
Recall:  0.7167655976175367
F1 Score:  0.7486447605429323
