Precision:  0.9148704017580235
Recall:  0.8888439926652768
F1 Score:  0.8934437907341038
