Precision:  0.9001910534571307
Recall:  0.8627512907526591
F1 Score:  0.8694736220246668
