Precision:  0.9731882487687332
Recall:  0.9711642629899887
F1 Score:  0.9711037612107097
