Precision:  0.9444674544516826
Recall:  0.9200137927355269
F1 Score:  0.9254147846517168
