Precision:  0.5363893460501269
Recall:  0.43520032917576257
F1 Score:  0.4706855344138317
