Precision:  0.8494485148318528
Recall:  0.7648875513185126
F1 Score:  0.7946920163135217
