Precision:  0.3288213171531303
Recall:  0.28394133810858313
F1 Score:  0.2995358587169974
