Precision:  0.3861623076618021
Recall:  0.3288411139658117
F1 Score:  0.3468879608077338
