Precision:  0.5953838832487309
Recall:  0.4467861393827175
F1 Score:  0.4984783739305728
