Precision:  0.8494830497832063
Recall:  0.7727775692618952
F1 Score:  0.800037642027508
