Precision:  0.5512764712880711
Recall:  0.44375976936254874
F1 Score:  0.4814672351764795
