Precision:  0.5897618327649111
Recall:  0.4414720394167409
F1 Score:  0.49314536941848386
