Precision:  0.42429676641437064
Recall:  0.4461502334118927
F1 Score:  0.42922592514176644
