Precision:  0.957555857077391
Recall:  0.963934175391286
F1 Score:  0.9579782751086513
