Precision:  0.37916021762448676
Recall:  0.3883902160728135
F1 Score:  0.37865279289446363
