Precision:  0.963837707536873
Recall:  0.9540456896855609
F1 Score:  0.9564703507405519
