Precision:  0.9645741491922486
Recall:  0.9549430366081498
F1 Score:  0.9573466051756905
