Precision:  0.8418332275803725
Recall:  0.7613191053110647
F1 Score:  0.7902911147761048
