Precision:  0.9756987532481263
Recall:  0.9739528772988676
F1 Score:  0.9738964746485274
