Precision:  0.7715878146150591
Recall:  0.6397802049813421
F1 Score:  0.6869261749313099
