Precision:  0.7258594080478004
Recall:  0.601922215864455
F1 Score:  0.6455511219613618
