Precision:  0.8273197077252537
Recall:  0.7334707248421256
F1 Score:  0.767228606324855
