Precision:  0.9671372327219804
Recall:  0.9538289984061519
F1 Score:  0.9578273670918114
