Precision:  0.6165486418782317
Recall:  0.6067227802579366
F1 Score:  0.5863265168927575
