Precision:  0.5802081072771991
Recall:  0.5815489090028613
F1 Score:  0.5604395935834899
