Precision:  0.5860759196623042
Recall:  0.635561794704861
F1 Score:  0.5932873702602478
