Precision:  0.5924965725584216
Recall:  0.6880277226631393
F1 Score:  0.6207730339740117
