Precision:  0.58572128268987
Recall:  0.6036015622129446
F1 Score:  0.5750451428980878
