Precision:  0.6967276831643152
Recall:  0.6554196560727322
F1 Score:  0.6604866123502389
