Precision:  0.6047572329351302
Recall:  0.6329646034846232
F1 Score:  0.6007097755292249
