Precision:  0.5841938106261023
Recall:  0.6057041713169641
F1 Score:  0.5726575097572146
