Precision:  0.5961686499324846
Recall:  0.5489744084362139
F1 Score:  0.5581899638370831
