Precision:  0.6046965422453702
Recall:  0.560547276877572
F1 Score:  0.5690916048806001
