Precision:  0.603434589258157
Recall:  0.5670454488369664
F1 Score:  0.5651204972497501
