Precision:  0.5984308690200616
Recall:  0.5517850971165857
F1 Score:  0.5625014315275044
