Precision:  0.5821062216963366
Recall:  0.5835212613329475
F1 Score:  0.5628502173221859
