Precision:  0.6138576716132055
Recall:  0.6263717947393078
F1 Score:  0.5973625708500356
