Precision:  0.5694264637344312
Recall:  0.5122143260455705
F1 Score:  0.5083139783639469
