Precision:  0.6951392477081497
Recall:  0.6778136309983098
F1 Score:  0.6754514696253822
