Precision:  0.6206623422552242
Recall:  0.6076124152038324
F1 Score:  0.5942990077063108
