Precision:  0.5929876382458849
Recall:  0.6119258174189816
F1 Score:  0.5831609078927532
