Precision:  0.6888554397574038
Recall:  0.6535142686631944
F1 Score:  0.6609093818340148
