Precision:  0.6193064102630346
Recall:  0.5542930715158362
F1 Score:  0.5726407211425849
