Precision:  0.5763128900100567
Recall:  0.675524966931217
F1 Score:  0.6052128824715649
