Precision:  0.4990847156281493
Recall:  0.5302013973570233
F1 Score:  0.49685410724513707
