Precision:  0.5053578748484346
Recall:  0.5366328235516331
F1 Score:  0.504931618973663
