Precision:  0.5786081501345716
Recall:  0.6202806799079587
F1 Score:  0.5815245945323262
