Precision:  0.5831096669353505
Recall:  0.6183365182130918
F1 Score:  0.5869765300267116
