Precision:  0.6092729596310326
Recall:  0.6311328598641422
F1 Score:  0.6062413334526184
