Precision:  0.6142837336033949
Recall:  0.5794951011123971
F1 Score:  0.5832058410591799
