Precision:  0.5752338927469135
Recall:  0.6830159648736037
F1 Score:  0.6068889471437977
