Precision:  0.5712282067533804
Recall:  0.6769515318424824
F1 Score:  0.6046788649792404
