Precision:  0.5925228596574627
Recall:  0.5875441706509956
F1 Score:  0.5712912686586601
