Precision:  0.5778263547292952
Recall:  0.6649585219287366
F1 Score:  0.6003537492388259
