Precision:  0.6406168404500109
Recall:  0.6330599417621988
F1 Score:  0.6244664615132886
