Precision:  0.6594865640845458
Recall:  0.6333450810759296
F1 Score:  0.6328279657375967
