Precision:  0.6228218737943673
Recall:  0.5042933155129338
F1 Score:  0.5366477385391363
