Precision:  0.67991075995362
Recall:  0.660916092842905
F1 Score:  0.6581346993885981
