Precision:  0.7447867149608688
Recall:  0.6053337765468841
F1 Score:  0.6561679166154083
