Precision:  0.6450583314396134
Recall:  0.6296746255649252
F1 Score:  0.6199426736187867
