Precision:  0.6870367140997025
Recall:  0.7077377077132937
F1 Score:  0.688058852584781
