Precision:  0.5990390030795304
Recall:  0.5813003064603541
F1 Score:  0.5734150292462744
