Precision:  0.695947035980673
Recall:  0.6820590154343952
F1 Score:  0.6754265424101361
