Precision:  0.584900440572641
Recall:  0.5774958714255859
F1 Score:  0.5656431308394667
