Precision:  0.729882209683642
Recall:  0.5984113277231224
F1 Score:  0.6464461966385839
