Precision:  0.5907934871720679
Recall:  0.4797270903231328
F1 Score:  0.5101182917019926
