Precision:  0.6699436077040245
Recall:  0.647535342261905
F1 Score:  0.6455128953130956
