Precision:  0.7382839626736114
Recall:  0.6089589993018815
F1 Score:  0.6563297640793743
