Precision:  0.6726345486111113
Recall:  0.5860056038956861
F1 Score:  0.6128777897338545
