Precision:  0.6367516034915122
Recall:  0.6223087120168281
F1 Score:  0.6161315348545606
