Precision:  0.6340294355227623
Recall:  0.6198635094590498
F1 Score:  0.6120359703885773
