Precision:  0.7171074761284726
Recall:  0.6147966513838369
F1 Score:  0.6505005233892643
