Precision:  0.7071059274645429
Recall:  0.7111152088270687
F1 Score:  0.6999278627166687
