Precision:  0.6342484085648148
Recall:  0.6254400954114765
F1 Score:  0.6135487528786745
