Precision:  0.6615813946393916
Recall:  0.6408315722484018
F1 Score:  0.6393579236936139
