Precision:  0.674638338890726
Recall:  0.6660663763962377
F1 Score:  0.6568801487638892
