Precision:  0.6125849971064815
Recall:  0.6078472229398606
F1 Score:  0.596700196174995
