Precision:  0.41240779663705585
Recall:  0.28163070082424363
F1 Score:  0.3198065626216098
