Precision:  0.6024843477355647
Recall:  0.38233541300386864
F1 Score:  0.450357787252903
