Precision:  0.9467552356499811
Recall:  0.9300637467399868
F1 Score:  0.9511064570985461
