Precision:  0.9532666387447234
Recall:  0.9387999117941982
F1 Score:  0.9656209651691634
