Precision:  0.9812403505374202
Recall:  0.9847029962374291
F1 Score:  0.9899886122504573
