Precision:  0.7895537721480287
Recall:  0.7077724234330478
F1 Score:  0.7867250617981562
