Precision:  0.7911593683444318
Recall:  0.8495315961437557
F1 Score:  0.8710093036526012
