Precision:  0.9447438180482767
Recall:  0.9285751716282431
F1 Score:  0.9534898042842688
