Precision:  0.9566268305604086
Recall:  0.9417886421809973
F1 Score:  0.9654987426252676
