Precision:  0.9748458981070219
Recall:  0.9715543812570502
F1 Score:  0.9797411752263433
