Precision:  0.9769765794960117
Recall:  0.9709762178586538
F1 Score:  0.9816230930313963
