Precision:  0.9614989632432921
Recall:  0.9543067027863384
F1 Score:  0.9641085654394144
