Precision:  0.9617645235640258
Recall:  0.9525124810525943
F1 Score:  0.9635876644294675
