Precision:  0.9636479389503261
Recall:  0.9516588972861778
F1 Score:  0.9649164504102156
