Precision:  0.9469557506106314
Recall:  0.92994891911661
F1 Score:  0.9512602591388342
