Precision:  0.7887924333756346
Recall:  0.7052806301176876
F1 Score:  0.784289359241598
