Precision:  0.5758883001382459
Recall:  0.6522933502466379
F1 Score:  0.5939859522473763
