Precision:  0.576429026411394
Recall:  0.6523476037188601
F1 Score:  0.5943466160044621
