Precision:  0.5692460814286986
Recall:  0.6477729021416629
F1 Score:  0.5889293275491359
