Precision:  0.55424839974592
Recall:  0.6879583270181144
F1 Score:  0.5975553102382404
