Precision:  0.9641204198119364
Recall:  0.9516273742960053
F1 Score:  0.9651239140724291
