Precision:  0.9623690608016582
Recall:  0.9525135376694972
F1 Score:  0.9638793083703165
