Precision:  0.9446892186694741
Recall:  0.9289686959505656
F1 Score:  0.9535996265484727
