Precision:  0.9040895000528765
Recall:  0.6768906142988078
F1 Score:  0.7522496415205848
