Precision:  0.7179854391391708
Recall:  0.6279830207483534
F1 Score:  0.6600474212003022
