Precision:  0.9446908897600916
Recall:  0.9306745063917594
F1 Score:  0.9343153551754406
