Precision:  0.9658476760786802
Recall:  0.957435271161923
F1 Score:  0.9590655232548027
